255 255 255 255 255 255 255 255 255 255 255 255 255 255 255 255
255 255 255 255 255 255 255 255 255 255 255 255 255 255 255 255
255 255 255 255 255 255 255 255 255 255 255 255 255 255 255 255
255 255 255 255 255  31 255 255 255 255  31 255 255 255 255 255
255 255 255 255 255 255 255 255 255 255 255 255 255 255 255 255
255 255 255  31 255 254 246 255 255 246 254 255  31 255 255 255
255 255 255 255 255 246 255 255 255 255 246 255 255 255 255 255
255 255 255 255 255 255 255 255 255 255 255 255 255 255 255 255
255 255 255 255 255 255 255 255 255 255 255 255 255 255 255 255
255 255 255 255 255 246 255 255 255 255 246 255 255 255 255 255
255 255 255  31 255 254 246 255 255 246 254 255  31 255 255 255
255 255 255 255 255 255 255 255 255 255 255 255 255 255 255 255
255 255 255 255 255  31 255 255 255 255  31 255 255 255 255 255
255 255 255 255 255 255 255 255 255 255 255 255 255 255 255 255
255 255 255 255 255 255 255 255 255 255 255 255 255 255 255 255
255 255 255 255 255 255 255 255 255 255 255 255 255 255 255 255
255 255 255 255 255 255 255 255 255 255 255 255 255 255 255 255
255 255 255 255 255 255 255 255 255 255 255 255 255 255 255 255
255 255 255 255 255 255 255 255 255 255 255 255 255 255 255 255
255 255 255 255 255  31 255 255 255 255  31 255 255 255 255 255
255 255 255 255 255 255 255 255 255 255 255 255 255 255 255 255
255 255 255  31 255 254 246 255 255 246 254 255  31 255 255 255
255 255 255 255 255 246 255 255 255 255 246 255 255 255 255 255
255 255 255 255 255 255 255 255 255 255 255 255 255 255 255 255
255 255 255 255 255 255 255 255 255 255 255 255 255 255 255 255
255 255 255 255 255 246 255 255 255 255 246 255 255 255 255 255
255 255 255  31 255 254 246 255 255 246 254 255  31 255 255 255
255 255 255 255 255 255 255 255 255 255 255 255 255 255 255 255
255 255 255 255 255  31 255 255 255 255  31 255 255 255 255 255
255 255 255 255 255 255 255 255 255 255 255 255 255 255 255 255
255 255 255 255 255 255 255 255 255 255 255 255 255 255 255 255
255 255 255 255 255 255 255 255 255 255 255 255 255 255 255 255
255 255 255 255 255 255 255 255 255 255 255 255 255 255 255 255
255 255 255 255 255 255 255 255 255 255 255 255 255 255 255 255
255 255 255 255 255 255 255 255 255 255 255 255 255 255 255 255
255 255 255 255 255  31 255 255 255 255  31 255 255 255 255 255
255 255 255 255 255 255 255 255 255 255 255 255 255 255 255 255
255 255 255  31 255 254 246 255 255 246 254 255  31 255 255 255
255 255 255 255 255 246 255 255 255 255 246 255 255 255 255 255
255 255 255 255 255 255 255 255 255 255 255 255 255 255 255 255
255 255 255 255 255 255 255 255 255 255 255 255 255 255 255 255
255 255 255 255 255 246 255 255 255 255 246 255 255 255 255 255
255 255 255  31 255 254 246 255 255 246 254 255  31 255 255 255
255 255 255 255 255 255 255 255 255 255 255 255 255 255 255 255
255 255 255 255 255  31 255 255 255 255  31 255 255 255 255 255
255 255 255 255 255 255 255 255 255 255 255 255 255 255 255 255
255 255 255 255 255 255 255 255 255 255 255 255 255 255 255 255
255 255 255 255 255 255 255 255 255 255 255 255 255 255 255 255

255 255 255 255 255 255 255 255 255 255 255 255 255 255 255 255
255 255 255 255 255 255 255 255 255 255 255 255 255 255 255 255
255 255 255 255 255 255 255 255 255 255 255 255 255 255 255 255
255 255 255 255 255  31 255 255 255 255  31 255 255 255 255 255
255 255 255 255 255 255 255 255 255 255 255 255 255 255 255 255
255 255 255  31 255 254 246 255 255 246 254 255  31 255 255 255
255 255 255 255 255 246 255 255 255 255 246 255 255 255 255 255
255 255 255 255 255 255 255 255 255 255 255 255 255 255 255 255
255 255 255 255 255 255 255 255 255 255 255 255 255 255 255 255
255 255 255 255 255 246 255 255 255 255 246 255 255 255 255 255
255 255 255  31 255 254 246 255 255 246 254 255  31 255 255 255
255 255 255 255 255 255 255 255 255 255 255 255 255 255 255 255
255 255 255 255 255  31 255 255 255 255  31 255 255 255 255 255
255 255 255 255 255 255 255 255 255 255 255 255 255 255 255 255
255 255 255 255 255 255 255 255 255 255 255 255 255 255 255 255
255 255 255 255 255 255 255 255 255 255 255 255 255 255 255 255
255 255 255 255 255 255 255 255 255 255 255 255 255 255 255 255
255 255 255 255 255 255 255 255 255 255 255 255 255 255 255 255
255 255 255 255 255 255 255 255 255 255 255 255 255 255 255 255
255 255 255 255 255  31 255 255 255 255  31 255 255 255 255 255
255 255 255 255 255 255 255 255 255 255 255 255 255 255 255 255
255 255 255  31 255 254 246 255 255 246 254 255  31 255 255 255
255 255 255 255 255 246 255 255 255 255 246 255 255 255 255 255
255 255 255 255 255 255 255 255 255 255 255 255 255 255 255 255
255 255 255 255 255 255 255 255 255 255 255 255 255 255 255 255
255 255 255 255 255 246 255 255 255 255 246 255 255 255 255 255
255 255 255  31 255 254 246 255 255 246 254 255  31 255 255 255
255 255 255 255 255 255 255 255 255 255 255 255 255 255 255 255
255 255 255 255 255  31 255 255 255 255  31 255 255 255 255 255
255 255 255 255 255 255 255 255 255 255 255 255 255 255 255 255
255 255 255 255 255 255 255 255 255 255 255 255 255 255 255 255
255 255 255 255 255 255 255 255 255 255 255 255 255 255 255 255
255 255 255 255 255 255 255 255 255 255 255 255 255 255 255 255
255 255 255 255 255 255 255 255 255 255 255 255 255 255 255 255
255 255 255 255 255 255 255 255 255 255 255 255 255 255 255 255
255 255 255 255 255  31 255 255 255 255  31 255 255 255 255 255
255 255 255 255 255 255 255 255 255 255 255 255 255 255 255 255
255 255 255  31 255 254 246 255 255 246 254 255  31 255 255 255
255 255 255 255 255 246 255 255 255 255 246 255 255 255 255 255
255 255 255 255 255 255 255 255 255 255 255 255 255 255 255 255
255 255 255 255 255 255 255 255 255 255 255 255 255 255 255 255
255 255 255 255 255 246 255 255 255 255 246 255 255 255 255 255
255 255 255  31 255 254 246 255 255 246 254 255  31 255 255 255
255 255 255 255 255 255 255 255 255 255 255 255 255 255 255 255
255 255 255 255 255  31 255 255 255 255  31 255 255 255 255 255
255 255 255 255 255 255 255 255 255 255 255 255 255 255 255 255
255 255 255 255 255 255 255 255 255 255 255 255 255 255 255 255
255 255 255 255 255 255 255 255 255 255 255 255 255 255 255 255

255 255 255 255 255 255 255 253 253 255 255 255 255 255 255 255
255 255 255 254 253 252 255 225 229 255 251 253 254 255 255 255
255 255 255 254 237 224 254 160 172 254 220 240 254 255 255 255
255 254 254 255 227 196 248 183 192 248 190 232 255 254 254 255
255 253 237 227 247 228 209 218 217 209 231 247 225 239 254 255
255 252 224 196 228 215 195 206 204 196 216 229 192 226 253 255
255 255 254 248 209 195 253 255 255 253 190 214 250 254 255 255
253 225 160 183 218 206 255 255 255 255 201 221 179 159 230 255
253 229 172 192 217 204 255 255 255 255 198 221 188 171 233 255
255 255 254 248 209 196 253 255 255 253 191 213 249 254 255 255
255 251 220 190 231 216 190 201 198 191 218 231 188 224 253 255
255 253 240 232 247 229 214 221 221 213 231 248 231 242 254 255
255 254 254 255 225 192 250 179 188 249 188 231 255 254 254 255
255 255 255 254 239 226 254 159 171 254 224 241 254 255 255 255
255 255 255 254 254 253 255 230 233 255 253 254 254 255 255 255
255 255 255 255 255 255 255 255 255 255 255 255 255 255 255 255
255 255 255 255 255 255 255 253 253 255 255 255 255 255 255 255
255 255 255 254 253 252 255 225 229 255 251 253 254 255 255 255
255 255 255 254 237 224 254 160 172 254 220 240 254 255 255 255
255 254 254 255 227 196 248 183 192 248 190 232 255 254 254 255
255 253 237 227 247 228 209 218 217 209 231 247 225 239 254 255
255 252 224 196 228 215 195 206 204 196 216 229 192 226 253 255
255 255 254 248 209 195 253 255 255 253 190 214 250 254 255 255
253 225 160 183 218 206 255 255 255 255 201 221 179 159 230 255
253 229 172 192 217 204 255 255 255 255 198 221 188 171 233 255
255 255 254 248 209 196 253 255 255 253 191 213 249 254 255 255
255 251 220 190 231 216 190 201 198 191 218 231 188 224 253 255
255 253 240 232 247 229 214 221 221 213 231 248 231 242 254 255
255 254 254 255 225 192 250 179 188 249 188 231 255 254 254 255
255 255 255 254 239 226 254 159 171 254 224 241 254 255 255 255
255 255 255 254 254 253 255 230 233 255 253 254 254 255 255 255
255 255 255 255 255 255 255 255 255 255 255 255 255 255 255 255
255 255 255 255 255 255 255 253 253 255 255 255 255 255 255 255
255 255 255 254 253 252 255 225 229 255 251 253 254 255 255 255
255 255 255 254 237 224 254 160 172 254 220 240 254 255 255 255
255 254 254 255 227 196 248 183 192 248 190 232 255 254 254 255
255 253 237 227 247 228 209 218 217 209 231 247 225 239 254 255
255 252 224 196 228 215 195 206 204 196 216 229 192 226 253 255
255 255 254 248 209 195 253 255 255 253 190 214 250 254 255 255
253 225 160 183 218 206 255 255 255 255 201 221 179 159 230 255
253 229 172 192 217 204 255 255 255 255 198 221 188 171 233 255
255 255 254 248 209 196 253 255 255 253 191 213 249 254 255 255
255 251 220 190 231 216 190 201 198 191 218 231 188 224 253 255
255 253 240 232 247 229 214 221 221 213 231 248 231 242 254 255
255 254 254 255 225 192 250 179 188 249 188 231 255 254 254 255
255 255 255 254 239 226 254 159 171 254 224 241 254 255 255 255
255 255 255 254 254 253 255 230 233 255 253 254 254 255 255 255
255 255 255 255 255 255 255 255 255 255 255 255 255 255 255 255

255 255 255 255 255 255 255 254 254 255 255 255 255 255 255 255
255 255 255 255 254 253 255 230 230 255 253 254 255 255 255 255
255 255 255 254 240 224 255 166 166 255 225 240 254 255 255 255
255 255 254 255 229 192 249 186 186 249 193 230 255 254 255 255
255 254 240 229 248 230 212 220 220 212 230 248 230 240 254 255
255 253 224 192 230 217 193 203 203 193 217 230 193 224 253 255
255 255 255 249 212 193 253 255 255 253 193 212 249 255 255 255
254 230 166 186 220 203 255 255 255 255 203 220 186 166 230 254
254 230 166 186 220 203 255 255 255 255 203 220 186 166 230 254
255 255 255 249 212 193 253 255 255 253 193 212 249 255 255 255
255 253 224 193 230 217 193 203 203 193 217 230 192 224 253 255
255 254 240 230 248 230 212 220 220 212 230 248 229 240 254 255
255 255 254 255 229 192 249 186 186 249 192 229 255 254 255 255
255 255 255 254 240 224 255 166 166 255 224 240 254 255 255 255
255 255 255 255 254 253 255 230 230 255 253 254 255 255 255 255
255 255 255 255 255 255 255 254 254 255 255 255 255 255 255 255
255 255 255 255 255 255 255 254 254 255 255 255 255 255 255 255
255 255 255 255 254 253 255 230 230 255 253 254 255 255 255 255
255 255 255 254 240 224 255 166 166 255 225 240 254 255 255 255
255 255 254 255 229 192 249 186 186 249 193 230 255 254 255 255
255 254 240 229 248 230 212 220 220 212 230 248 230 240 254 255
255 253 224 192 230 217 193 203 203 193 217 230 193 224 253 255
255 255 255 249 212 193 253 255 255 253 193 212 249 255 255 255
254 230 166 186 220 203 255 255 255 255 203 220 186 166 230 254
254 230 166 186 220 203 255 255 255 255 203 220 186 166 230 254
255 255 255 249 212 193 253 255 255 253 193 212 249 255 255 255
255 253 224 193 230 217 193 203 203 193 217 230 192 224 253 255
255 254 240 230 248 230 212 220 220 212 230 248 229 240 254 255
255 255 254 255 229 192 249 186 186 249 192 229 255 254 255 255
255 255 255 254 240 224 255 166 166 255 224 240 254 255 255 255
255 255 255 255 254 253 255 230 230 255 253 254 255 255 255 255
255 255 255 255 255 255 255 254 254 255 255 255 255 255 255 255
255 255 255 255 255 255 255 254 254 255 255 255 255 255 255 255
255 255 255 255 254 253 255 230 230 255 253 254 255 255 255 255
255 255 255 254 240 224 255 166 166 255 225 240 254 255 255 255
255 255 254 255 229 192 249 186 186 249 193 230 255 254 255 255
255 254 240 229 248 230 212 220 220 212 230 248 230 240 254 255
255 253 224 192 230 217 193 203 203 193 217 230 193 224 253 255
255 255 255 249 212 193 253 255 255 253 193 212 249 255 255 255
254 230 166 186 220 203 255 255 255 255 203 220 186 166 230 254
254 230 166 186 220 203 255 255 255 255 203 220 186 166 230 254
255 255 255 249 212 193 253 255 255 253 193 212 249 255 255 255
255 253 224 193 230 217 193 203 203 193 217 230 192 224 253 255
255 254 240 230 248 230 212 220 220 212 230 248 229 240 254 255
255 255 254 255 229 192 249 186 186 249 192 229 255 254 255 255
255 255 255 254 240 224 255 166 166 255 224 240 254 255 255 255
255 255 255 255 254 253 255 230 230 255 253 254 255 255 255 255
255 255 255 255 255 255 255 254 254 255 255 255 255 255 255 255
